% Last modified: Oct 28, 2011
% First three columns=barycentric coordinates
% 4th coulmns = weights, sum(weights) = 2 

% integration degree=0  N=1:
matrix0=[1/3 1/3 1/3 2];
% integration degree=2  N=3:
matrix2=[0.166666666666600   0.166666666666700   0.666666666666700   0.666666666666700
         0.166666666666600   0.666666666666700   0.166666666666700   0.666666666666700
         0.666666666666600   0.166666666666700   0.166666666666700   0.666666666666700];
% integration degree=4  N=6:
matrix4=[0.816847572980400   0.091576213509800   0.091576213509800   0.219903487310600
         0.091576213509700   0.816847572980500   0.091576213509800   0.219903487310600
         0.091576213509700   0.091576213509800   0.816847572980500   0.219903487310600
         0.445948490915900   0.108103018168100   0.445948490916000   0.446763179356000
         0.445948490915900   0.445948490916000   0.108103018168100   0.446763179356000
         0.108103018168000   0.445948490916000   0.445948490916000   0.446763179356000];
% integration degree=5  N=10:
matrix5=[                0                   0   1.000000000000000   0.026271209950400
                         0   1.000000000000000                   0   0.026271661206800
         1.000000000000000                   0                   0   0.027416394760000
         0.059852725010500   0.267327353118500   0.672819921871000   0.234838386582300
         0.059853587105700   0.672817552946100   0.267328859948200   0.234841223826800
         0.263423353845200   0.064923635005400   0.671653011149400   0.248025179311400
         0.263424977092900   0.671649853904200   0.064925169002900   0.248030492252100
         0.665217817674700   0.065403245680000   0.269378936645300   0.251860460552900
         0.665217805594100   0.269376706914000   0.065405487491900   0.251866053365800
         0.322646160307700   0.338673850389600   0.338679989302700   0.450578938191400];
% integration degree=7  N=15:
matrix7=[                0   1.000000000000000                   0   0.010255817409200
         1.000000000000000                   0                   0   0.010255817409200
                         0                   0   1.000000000000000   0.010255817409200
         0.173896050734600   0.783965665101200   0.042138284164200   0.111604704664700
         0.042138284164300   0.173896050734500   0.783965665101200   0.111604704664700
         0.783965665101300   0.173896050734500   0.042138284164200   0.111604704664700
         0.783965665101300   0.042138284164200   0.173896050734500   0.111604704664700
         0.042138284164300   0.783965665101200   0.173896050734500   0.111604704664700
         0.173896050734600   0.042138284164200   0.783965665101200   0.111604704664700
         0.051223827649600   0.474388086175200   0.474388086175200   0.167977559533500
         0.474388086175100   0.474388086175200   0.051223827649700   0.167977559533500
         0.474388086175100   0.051223827649700   0.474388086175200   0.167977559533500
         0.238561530018000   0.238561530018100   0.522876939963900   0.265223880394600
         0.238561530018000   0.522876939963900   0.238561530018100   0.265223880394600
         0.522876939963800   0.238561530018100   0.238561530018100   0.265223880394600];
% integration degree=9  N=21:
matrix9=[0.909621980431200   0.045189009784400   0.045189009784400   0.051987142064600
         0.045189009784400   0.045189009784400   0.909621980431200   0.051987142064600
         0.045189009784400   0.909621980431200   0.045189009784400   0.051987142064600
         0.222063165537300   0.747512472733900   0.030424361728800   0.070703410178400
         0.747512472733900   0.222063165537300   0.030424361728800   0.070703410178400
         0.030424361728800   0.747512472733900   0.222063165537300   0.070703410178400
         0.030424361728800   0.222063165537300   0.747512472733900   0.070703410178400
         0.222063165537300   0.030424361728800   0.747512472733900   0.070703410178400
         0.747512472733900   0.030424361728800   0.222063165537300   0.070703410178400
         0.644718727763700   0.136991201264900   0.218290070971400   0.090939076095200
         0.136991201264900   0.644718727763700   0.218290070971400   0.090939076095200
         0.218290070971400   0.136991201264900   0.644718727763700   0.090939076095200
         0.136991201264900   0.218290070971400   0.644718727763700   0.090939076095200
         0.644718727763700   0.218290070971400   0.136991201264900   0.090939076095200
         0.218290070971400   0.644718727763700   0.136991201264900   0.090939076095200
         0.481519834783300   0.036960330433400   0.481519834783300   0.103234405138000
         0.481519834783300   0.481519834783300   0.036960330433400   0.103234405138000
         0.036960330433400   0.481519834783300   0.481519834783300   0.103234405138000
         0.403603979818000   0.403603979817900   0.192792040364100   0.188160146916700
         0.192792040364200   0.403603979817900   0.403603979817900   0.188160146916700
         0.403603979818000   0.192792040364100   0.403603979817900   0.188160146916700];
% integration degree=11  N=28:
matrix11=[0.054829554982600                   0   0.945170445017400   0.011408249403300
         0.054829554982700   0.945170445017300                   0   0.011408249403300
         0.002549179705700   0.928900240571900   0.068550579722400   0.013269128572000
         0.002549179705900   0.068550579722400   0.928900240571700   0.013269128572000
         0.951346328876900   0.024326835561500   0.024326835561600   0.015586577335000
         0.844249841517700   0.127966283533500   0.027783874948800   0.040827478042800
         0.844249841517500   0.027783874948800   0.127966283533700   0.040827478042900
         0.221456898298300   0.028708342836000   0.749834758865700   0.057984966511600
         0.221456898298400   0.749834758865600   0.028708342836000   0.057984966511600
         0.027439002790800   0.722800790970700   0.249760206238500   0.060138524766300
         0.027439002790700   0.249760206238600   0.722800790970700   0.060138524766300
         0.080892315016400   0.086556299283900   0.832551385699700   0.062527388843300
         0.080892315016300   0.832551385699800   0.086556299283900   0.062527388843300
         0.663485422483700   0.306161915767200   0.030352661749100   0.063968432150400
         0.663485422483400   0.030352661749100   0.306161915767500   0.063968432150400
         0.026277880990600   0.486861059504700   0.486861059504700   0.066132587216100
         0.157663955276400   0.665790429301700   0.176545615421900   0.066850323682000
         0.157663955276300   0.176545615422100   0.665790429301600   0.066850323682100
         0.441122150397100   0.029312100736000   0.529565748866900   0.068690430597700
         0.441122150397300   0.529565748866700   0.029312100736000   0.068690430597700
         0.711065235121800   0.144467382439100   0.144467382439100   0.100271754385900
         0.133844415953900   0.329974011141100   0.536181572905000   0.114313678409900
         0.133844415953900   0.536181572905200   0.329974011140900   0.114313678409900
         0.305070162121500   0.551150751686200   0.143779086192300   0.122364814675200
         0.305070162121500   0.143779086192300   0.551150751686200   0.122364814675200
         0.512231397551200   0.334806658732700   0.152961943716100   0.139442233417800
         0.512231397551200   0.152961943716100   0.334806658732700   0.139442233417800
         0.313963300370600   0.343018349814700   0.343018349814700   0.174437782918200];
% integration degree=13  N=36:
