%Last modified: May 18, 2012
%First four columns=barycentric coordinates
%5th columns = weights, sum(weights)=1
%tetraN: formula integrates exactly polynomials of three variables of
%degree less than or equal to N

%integration degree=1,  N_nodes=1:
tetra1=[1/4 1/4 1/4 1/4 1];


%integration degree=3  N_nodes=4:
tetra3=[0.138196601125011   0.585410196624968   0.138196601125011   0.138196601125011   0.250000000000000
        0.138196601125011   0.138196601125011   0.585410196624968   0.138196601125011   0.250000000000000
        0.138196601125011   0.138196601125011   0.138196601125011   0.585410196624968   0.250000000000000
        0.585410196624969   0.138196601125011   0.138196601125011   0.138196601125011   0.250000000000000];


%integration degree=5  N_nodes=14:
tetra5=[0.092735250310891   0.721794249067326   0.092735250310891   0.092735250310891   0.073493043116362
        0.092735250310891   0.092735250310891   0.721794249067326   0.092735250310891   0.073493043116362
        0.092735250310891   0.092735250310891   0.092735250310891   0.721794249067326   0.073493043116362
        0.721794249067326   0.092735250310891   0.092735250310891   0.092735250310891   0.073493043116362
        0.310885919263301   0.067342242210098   0.310885919263301   0.310885919263301   0.112687925718016
        0.310885919263301   0.310885919263301   0.067342242210098   0.310885919263301   0.112687925718016
        0.310885919263301   0.310885919263301   0.310885919263301   0.067342242210098   0.112687925718016
        0.067342242210098   0.310885919263301   0.310885919263301   0.310885919263301   0.112687925718016
        0.454496295874350   0.045503704125650   0.045503704125650   0.454496295874350   0.042546020777081
        0.454496295874350   0.045503704125650   0.454496295874350   0.045503704125650   0.042546020777081
        0.045503704125650   0.045503704125650   0.454496295874350   0.454496295874350   0.042546020777081
        0.454496295874350   0.454496295874350   0.045503704125650   0.045503704125650   0.042546020777081
        0.045503704125650   0.454496295874350   0.045503704125650   0.454496295874350   0.042546020777081
        0.045503704125650   0.454496295874350   0.454496295874350   0.045503704125650   0.042546020777081];


%integration degree=7  N_nodes=25:
tetra7=[0.214602871259915   0.356191386220254   0.214602871259915   0.214602871259915   0.039922750257870
        0.214602871259915   0.214602871259915   0.356191386220254   0.214602871259915   0.039922750257870
        0.214602871259915   0.214602871259915   0.214602871259915   0.356191386220254   0.039922750257870
        0.356191386220254   0.214602871259915   0.214602871259915   0.214602871259915   0.039922750257870
        0.040673958534611   0.877978124396166   0.040673958534611   0.040673958534611   0.010077211055346
        0.040673958534611   0.040673958534611   0.877978124396166   0.040673958534611   0.010077211055346
        0.040673958534611   0.040673958534611   0.040673958534611   0.877978124396166   0.010077211055346
        0.877978124396166   0.040673958534611   0.040673958534611   0.040673958534611   0.010077211055346
        0.322337890142276   0.032986329573173   0.322337890142275   0.322337890142275   0.055357181543927
        0.322337890142276   0.322337890142275   0.032986329573173   0.322337890142275   0.055357181543927
        0.322337890142276   0.322337890142275   0.322337890142275   0.032986329573173   0.055357181543927
        0.032986329573174   0.322337890142275   0.322337890142275   0.322337890142275   0.055357181543927
        0.063661001875017   0.603005664791649   0.269672331458316   0.063661001875018   0.048214285714286
        0.063661001875017   0.603005664791649   0.063661001875018   0.269672331458316   0.048214285714286
        0.269672331458316   0.603005664791649   0.063661001875018   0.063661001875018   0.048214285714286
        0.063661001875017   0.063661001875018   0.603005664791649   0.269672331458316   0.048214285714286
        0.269672331458316   0.063661001875018   0.603005664791649   0.063661001875018   0.048214285714286
        0.269672331458316   0.063661001875018   0.063661001875018   0.603005664791649   0.048214285714286
        0.063661001875017   0.269672331458316   0.603005664791649   0.063661001875018   0.048214285714286
        0.063661001875017   0.269672331458316   0.063661001875018   0.603005664791649   0.048214285714286
        0.603005664791649   0.269672331458316   0.063661001875018   0.063661001875018   0.048214285714286
        0.063661001875017   0.063661001875018   0.269672331458316   0.603005664791649   0.048214285714286
        0.603005664791649   0.063661001875018   0.269672331458316   0.063661001875018   0.048214285714286
        0.603005664791649   0.063661001875018   0.063661001875018   0.269672331458316   0.048214285714286];


%integration degree=9  N_nodes=45:
