% Last modified: Oct 28, 2011
% First three columns=barycentric coordinates
% 4th coulmns = weights, sum(weights) = 2 

% integration degree=0  N=1:
matrix0=[1/3 1/3 1/3 2];
% integration degree=2  N=3:
matrix2=[0.166666666666600   0.166666666666700   0.666666666666700   0.666666666666700
         0.166666666666600   0.666666666666700   0.166666666666700   0.666666666666700
         0.666666666666600   0.166666666666700   0.166666666666700   0.666666666666700];
% integration degree=4  N=6:
matrix4=[0.816847572980400   0.091576213509800   0.091576213509800   0.219903487310600
         0.091576213509700   0.816847572980500   0.091576213509800   0.219903487310600
         0.091576213509700   0.091576213509800   0.816847572980500   0.219903487310600
         0.445948490915900   0.108103018168100   0.445948490916000   0.446763179356000
         0.445948490915900   0.445948490916000   0.108103018168100   0.446763179356000
         0.108103018168000   0.445948490916000   0.445948490916000   0.446763179356000];
% integration degree=5  N=10:
matrix5=[                0                   0   1.000000000000000   0.026271209950400
                         0   1.000000000000000                   0   0.026271661206800
         1.000000000000000                   0                   0   0.027416394760000
         0.059852725010500   0.267327353118500   0.672819921871000   0.234838386582300
         0.059853587105700   0.672817552946100   0.267328859948200   0.234841223826800
         0.263423353845200   0.064923635005400   0.671653011149400   0.248025179311400
         0.263424977092900   0.671649853904200   0.064925169002900   0.248030492252100
         0.665217817674700   0.065403245680000   0.269378936645300   0.251860460552900
         0.665217805594100   0.269376706914000   0.065405487491900   0.251866053365800
         0.322646160307700   0.338673850389600   0.338679989302700   0.450578938191400];
% integration degree=7  N=15:
matrix7=[                0   1.000000000000000                   0   0.010255817409200
         1.000000000000000                   0                   0   0.010255817409200
                         0                   0   1.000000000000000   0.010255817409200
         0.173896050734600   0.783965665101200   0.042138284164200   0.111604704664700
         0.042138284164300   0.173896050734500   0.783965665101200   0.111604704664700
         0.783965665101300   0.173896050734500   0.042138284164200   0.111604704664700
         0.783965665101300   0.042138284164200   0.173896050734500   0.111604704664700
         0.042138284164300   0.783965665101200   0.173896050734500   0.111604704664700
         0.173896050734600   0.042138284164200   0.783965665101200   0.111604704664700
         0.051223827649600   0.474388086175200   0.474388086175200   0.167977559533500
         0.474388086175100   0.474388086175200   0.051223827649700   0.167977559533500
         0.474388086175100   0.051223827649700   0.474388086175200   0.167977559533500
         0.238561530018000   0.238561530018100   0.522876939963900   0.265223880394600
         0.238561530018000   0.522876939963900   0.238561530018100   0.265223880394600
         0.522876939963800   0.238561530018100   0.238561530018100   0.265223880394600];
% integration degree=9  N=21:
matrix9=[0.909621980431200   0.045189009784400   0.045189009784400   0.051987142064600
         0.045189009784400   0.045189009784400   0.909621980431200   0.051987142064600
         0.045189009784400   0.909621980431200   0.045189009784400   0.051987142064600
         0.222063165537300   0.747512472733900   0.030424361728800   0.070703410178400
         0.747512472733900   0.222063165537300   0.030424361728800   0.070703410178400
         0.030424361728800   0.747512472733900   0.222063165537300   0.070703410178400
         0.030424361728800   0.222063165537300   0.747512472733900   0.070703410178400
         0.222063165537300   0.030424361728800   0.747512472733900   0.070703410178400
         0.747512472733900   0.030424361728800   0.222063165537300   0.070703410178400
         0.644718727763700   0.136991201264900   0.218290070971400   0.090939076095200
         0.136991201264900   0.644718727763700   0.218290070971400   0.090939076095200
         0.218290070971400   0.136991201264900   0.644718727763700   0.090939076095200
         0.136991201264900   0.218290070971400   0.644718727763700   0.090939076095200
         0.644718727763700   0.218290070971400   0.136991201264900   0.090939076095200
         0.218290070971400   0.644718727763700   0.136991201264900   0.090939076095200
         0.481519834783300   0.036960330433400   0.481519834783300   0.103234405138000
         0.481519834783300   0.481519834783300   0.036960330433400   0.103234405138000
         0.036960330433400   0.481519834783300   0.481519834783300   0.103234405138000
         0.403603979818000   0.403603979817900   0.192792040364100   0.188160146916700
         0.192792040364200   0.403603979817900   0.403603979817900   0.188160146916700
         0.403603979818000   0.192792040364100   0.403603979817900   0.188160146916700];
% integration degree=11  N=28:
matrix11=[0.054829554982600                   0   0.945170445017400   0.011408249403300
         0.054829554982700   0.945170445017300                   0   0.011408249403300
         0.002549179705700   0.928900240571900   0.068550579722400   0.013269128572000
         0.002549179705900   0.068550579722400   0.928900240571700   0.013269128572000
         0.951346328876900   0.024326835561500   0.024326835561600   0.015586577335000
         0.844249841517700   0.127966283533500   0.027783874948800   0.040827478042800
         0.844249841517500   0.027783874948800   0.127966283533700   0.040827478042900
         0.221456898298300   0.028708342836000   0.749834758865700   0.057984966511600
         0.221456898298400   0.749834758865600   0.028708342836000   0.057984966511600
         0.027439002790800   0.722800790970700   0.249760206238500   0.060138524766300
         0.027439002790700   0.249760206238600   0.722800790970700   0.060138524766300
         0.080892315016400   0.086556299283900   0.832551385699700   0.062527388843300
         0.080892315016300   0.832551385699800   0.086556299283900   0.062527388843300
         0.663485422483700   0.306161915767200   0.030352661749100   0.063968432150400
         0.663485422483400   0.030352661749100   0.306161915767500   0.063968432150400
         0.026277880990600   0.486861059504700   0.486861059504700   0.066132587216100
         0.157663955276400   0.665790429301700   0.176545615421900   0.066850323682000
         0.157663955276300   0.176545615422100   0.665790429301600   0.066850323682100
         0.441122150397100   0.029312100736000   0.529565748866900   0.068690430597700
         0.441122150397300   0.529565748866700   0.029312100736000   0.068690430597700
         0.711065235121800   0.144467382439100   0.144467382439100   0.100271754385900
         0.133844415953900   0.329974011141100   0.536181572905000   0.114313678409900
         0.133844415953900   0.536181572905200   0.329974011140900   0.114313678409900
         0.305070162121500   0.551150751686200   0.143779086192300   0.122364814675200
         0.305070162121500   0.143779086192300   0.551150751686200   0.122364814675200
         0.512231397551200   0.334806658732700   0.152961943716100   0.139442233417800
         0.512231397551200   0.152961943716100   0.334806658732700   0.139442233417800
         0.313963300370600   0.343018349814700   0.343018349814700   0.174437782918200];
% integration degree=13  N=36:
matrix13=[0.026400535456400   0.024293535159000   0.949305929384600   0.016624099875700
        0.949211144163800   0.026519342772200   0.024269513064000   0.016681169977800
        0.024280601001200   0.949212602355100   0.026506796643700   0.016683056906700
        0.519890782388800   0.003377576374900   0.476731641236300   0.017568087008300
        0.004340587279700   0.475767229810100   0.519892182910200   0.018447466184500
        0.475330410032700   0.519078319347100   0.005591270620200   0.019794241018800
        0.124916420606100   0.861683974532100   0.013399604861800   0.020354039585500
        0.013773591874000   0.124920975992600   0.861305432133400   0.020685286394000
        0.861370082878100   0.013856545386100   0.124773371735800   0.020827136608600
        0.134967458455500   0.021188706422200   0.843843835122300   0.031781977827900
        0.021313956695100   0.843229678721900   0.135456364583000   0.032047203524100
        0.843228538147900   0.135423179786500   0.021348282065600   0.032060768114600
        0.668922682630700   0.308885351067900   0.022191966301400   0.043076595918300
        0.022592952544200   0.668505759516900   0.308901287938900   0.043847341533900
        0.308174504412200   0.022654501255700   0.669170994332100   0.043920967273300
        0.026676643612200   0.280851540877200   0.692471815510600   0.047995192369100
        0.280882990592300   0.692244674905100   0.026872334502600   0.048380626073300
        0.692128857965900   0.026861744711900   0.281009397322200   0.048486742337500
        0.088464010094400   0.114177848547000   0.797358141358600   0.055696448802400
        0.114538556914800   0.797480792206100   0.087980650879100   0.056102636435600
        0.796217214497800   0.089280729389400   0.114502056112800   0.056519012369300
        0.226060798762300   0.105248789245500   0.668690411992200   0.068928989067000
        0.106192608742800   0.666302228074000   0.227505163183200   0.071721333608900
        0.663762370123200   0.230780373754700   0.105457256122100   0.072745392097600
        0.312087644380200   0.170505915754000   0.517406439865800   0.078880733673700
        0.174288217174800   0.508659397304300   0.317052385520900   0.081011434551200
        0.504746977606000   0.314182386228100   0.181070636165900   0.082572529905500
        0.070394464233200   0.461746081786400   0.467859453980400   0.084204456733000
        0.468405646183400   0.069308749608100   0.462285604208500   0.084358553330500
        0.462368693506300   0.465195525926800   0.072435780566900   0.085196986848800
        0.128997910293000   0.257862585789300   0.613139503917700   0.090284532805200
        0.258701139861200   0.611262776677900   0.130036083460900   0.091428314348500
        0.611310403518200   0.130518213593400   0.258171382888400   0.091627906540900
        0.335655603835500   0.428143799182800   0.236200596981700   0.102557337489600
        0.233197790768200   0.335699578373000   0.431102630858800   0.103315966141300
        0.423856175178800   0.230542429883600   0.345601394937600   0.103585436719300];

% integration degree=14  N=45:
matrix14=[                   0                   0   1.000000000000000   0.001061671199000
                   0   1.000000000000000                   0   0.001061671199000
   1.000000000000000                   0                   0   0.001061671199000
   0.927528685716000   0.057333087302600   0.015138226981400   0.013146023610100
   0.015138226981400   0.057333087302600   0.927528685716000   0.013146023610100
   0.015138226981400   0.927528685716000   0.057333087302600   0.013146023610100
   0.927528685716000   0.015138226981400   0.057333087302600   0.013146023610100
   0.057333087302600   0.927528685716000   0.015138226981400   0.013146023610100
   0.057333087302600   0.015138226981400   0.927528685716000   0.013146023610100
   0.018065498972400   0.815962504071100   0.165971996956500   0.024288192694900
   0.165971996956500   0.815962504071100   0.018065498972400   0.024288192694900
   0.018065498972400   0.165971996956500   0.815962504071100   0.024288192694900
   0.165971996956500   0.018065498972400   0.815962504071100   0.024288192694900
   0.815962504071100   0.165971996956500   0.018065498972400   0.024288192694900
   0.815962504071100   0.018065498972400   0.165971996956500   0.024288192694900
   0.664763754484900   0.316547555637800   0.018688689877300   0.031679986633200
   0.316547555637800   0.664763754484900   0.018688689877300   0.031679986633200
   0.316547555637800   0.018688689877300   0.664763754484900   0.031679986633200
   0.664763754484900   0.018688689877300   0.316547555637800   0.031679986633200
   0.018688689877300   0.316547555637800   0.664763754484900   0.031679986633200
   0.018688689877300   0.664763754484900   0.316547555637800   0.031679986633200
   0.490366890375400   0.019266219249200   0.490366890375400   0.034931794703600
   0.490366890375400   0.490366890375400   0.019266219249200   0.034931794703600
   0.019266219249200   0.490366890375400   0.490366890375400   0.034931794703600
   0.087513466958200   0.087513466958100   0.824973066083700   0.038366453394500
   0.824973066083800   0.087513466958100   0.087513466958100   0.038366453394500
   0.087513466958200   0.824973066083700   0.087513466958100   0.038366453394500
   0.698460854061400   0.093552603621900   0.207986542316700   0.057836949121000
   0.207986542316800   0.093552603621900   0.698460854061300   0.057836949121000
   0.698460854061400   0.207986542316700   0.093552603621900   0.057836949121000
   0.207986542316800   0.698460854061300   0.093552603621900   0.057836949121000
   0.093552603622000   0.698460854061300   0.207986542316700   0.057836949121000
   0.093552603622000   0.207986542316700   0.698460854061300   0.057836949121000
   0.364501842138400   0.097489298346700   0.538008859514900   0.072582168739400
   0.538008859515000   0.364501842138300   0.097489298346700   0.072582168739400
   0.364501842138400   0.538008859514900   0.097489298346700   0.072582168739400
   0.097489298346800   0.538008859514900   0.364501842138300   0.072582168739400
   0.097489298346800   0.364501842138300   0.538008859514900   0.072582168739400
   0.538008859515000   0.097489298346700   0.364501842138300   0.072582168739400
   0.221714589487400   0.221714589487300   0.556570821025300   0.089785652410700
   0.221714589487400   0.556570821025300   0.221714589487300   0.089785652410700
   0.556570821025400   0.221714589487300   0.221714589487300   0.089785652410700
   0.386047166929600   0.386047166929600   0.227905666140800   0.103454453361700
   0.386047166929600   0.227905666140800   0.386047166929600   0.103454453361700
   0.227905666140800   0.386047166929600   0.386047166929600   0.103454453361700];
% integration degree=16  N=55:
matrix16=[                0   1.000000000000000                   0   0.000620259985100
                   0                   0   1.000000000000000   0.000631517471200
   1.000000000000000                   0                   0   0.000708660155900
   0.055128767178900   0.939886358357700   0.004984874463400   0.005516371616800
   0.006978769832500   0.054380668305800   0.938640561861700   0.006269240765600
   0.937963548813900   0.009394004916400   0.052642446269700   0.007853140882600
   0.036661939628700   0.016434508636200   0.946903551735100   0.009455148386400
   0.016713905297100   0.946948726986200   0.036337367716700   0.009782451127100
   0.942217145243300   0.042660400576800   0.015122454179900   0.009986164348900
   0.118395699389700   0.012226949543900   0.869377351066400   0.013755381881600
   0.012138619317900   0.867369652104700   0.120491728577400   0.014097917804000
   0.138549201074100   0.845674402138900   0.015776396787000   0.014964686433700
   0.015611949752200   0.139575963210300   0.844812087037500   0.015609750361200
   0.854716865118500   0.131782174323100   0.013500960558400   0.015768369334800
   0.838676993516400   0.015795512630000   0.145527493853600   0.017579454638300
   0.247883957465600   0.736546288443600   0.015569754090800   0.020411384027000
   0.248047467522000   0.013968843033000   0.737983689445000   0.020956287861600
   0.015448912419000   0.254789518603900   0.729761568977100   0.021071341299800
   0.014053679413000   0.731638652255500   0.254307668331500   0.021764676020200
   0.714650647525800   0.015725372895100   0.269623979579100   0.022228840869900
   0.719291320004500   0.266230284364700   0.014478395630800   0.022418669368200
   0.073481652438600   0.867350406521400   0.059167941040000   0.023012261699300
   0.062372375798200   0.074149366695700   0.863478257506100   0.023681390250000
   0.564947509640200   0.015928594836000   0.419123895523800   0.025746464336800
   0.403471605078600   0.015606102806800   0.580922292114600   0.025795680160800
   0.393065372986500   0.591009481748400   0.015925145265100   0.025807232761000
   0.015852813500700   0.403477149688900   0.580670036810400   0.026034323205900
   0.015575922517200   0.569474562852600   0.414949514630200   0.026576814160900
   0.856028762075900   0.067849370065000   0.076121867859100   0.026578476183100
   0.557652171741600   0.426596859027200   0.015750969231200   0.026753232923800
   0.158711917968900   0.067098250789000   0.774189831242100   0.037578780664100
   0.165257027288100   0.752831023148000   0.081911949563900   0.038306589419500
   0.066914375915100   0.775372778355700   0.157712845729200   0.038484969502500
   0.080698374247100   0.168907315778700   0.750394309974200   0.038961982585200
   0.760435265981300   0.168733583291900   0.070831150726800   0.039460411154700
   0.741575866479300   0.082124470843600   0.176299662677100   0.041236477809800
   0.290354968333800   0.628870536334500   0.080774495331700   0.051287243848300
   0.613421339495800   0.081141301526600   0.305437358977600   0.051640564193500
   0.080340194604900   0.296911206508000   0.622748598887100   0.051823004226900
   0.298521053628300   0.076754231417100   0.624724714954600   0.052852798818100
   0.076549184498900   0.622302233384500   0.301148582116600   0.053850557302700
   0.611711534687000   0.310378628805100   0.077909836507900   0.054189532931900
   0.457714874646200   0.081921821518700   0.460363303835100   0.058473714644400
   0.446142332819000   0.471702266501300   0.082155400679700   0.059286316836300
   0.081583155086000   0.454660341525000   0.463756503389000   0.059435827674900
   0.187663085257500   0.170109133923700   0.642227780818800   0.063180025586300
   0.169570213325700   0.640600432948700   0.189829353725600   0.063292684515300
   0.634777673094000   0.191226758371700   0.173995568534300   0.064070736177200
   0.331577016252400   0.188531576707000   0.479891407040600   0.081204059591800
   0.187871344419000   0.477292995769100   0.334835659811900   0.081443751353000
   0.191505318098100   0.312697462176000   0.495797219725900   0.081467920124100
   0.311122038515000   0.496122594594600   0.192755366890400   0.081505054808400
   0.491017887987200   0.192880531286700   0.316101580726100   0.081516466493900
   0.474506574489400   0.336004145381600   0.189489280129000   0.081693105962300
   0.331914842734100   0.333728055084800   0.334357102181100   0.092321833453100];
% integration degree=18  N=66:
matrix18=[
   0.007070298904300   0.011673105966800   0.981256595128900   0.002516575698600
   0.011850663674900   0.981003085838800   0.007146250486300   0.002527345200700
   0.977787974953200   0.010696631709200   0.011515393337600   0.003326929533300
   0.012195242510800   0.938247698355100   0.049557059134100   0.008150349212500
   0.050324886096800   0.012662751841700   0.937012362061500   0.008613552574200
   0.928052601109400   0.059810940998400   0.012136457892200   0.008778674617900
   0.924985307647600   0.013736329792700   0.061278362559700   0.009709958556200
   0.062934376999300   0.922952795940500   0.014112827060200   0.010246621191500
   0.014669535328000   0.063310735499300   0.922019729172700   0.010839768834100
   0.838221442443600   0.011726510033500   0.150052047522900   0.012938539017600
   0.012013229108800   0.155472058732300   0.832514712158900   0.013633982358300
   0.153147795225900   0.834329388898200   0.012522815875900   0.013847732814700
   0.012636445930700   0.850163803195700   0.137199750873600   0.013942154010500
   0.139355658599900   0.012881635052200   0.847762706347900   0.014412139996800
   0.835267146700200   0.151080160895900   0.013652692403900   0.015370345553400
   0.412764350243800   0.010191787921700   0.577043861834500   0.016248980225300
   0.011977384107400   0.281337239930300   0.706685375962300   0.016971830428000
   0.275105559050900   0.712437462850100   0.012456978099000   0.017008853242100
   0.711523343775100   0.276302525086300   0.012174131138600   0.017095352067500
   0.569603491897300   0.010965836856100   0.419430671246600   0.017388885455900
   0.011127341464700   0.428911051788400   0.559961606746900   0.017454396243900
   0.566810345010000   0.421542055511500   0.011647599478500   0.017840675728700
   0.417052309556700   0.571125859044400   0.011821831398900   0.017844686387900
   0.011524214831200   0.582686827051100   0.405788958117700   0.017904633755200
   0.714440844241900   0.013056780671300   0.272502375086800   0.018125975620100
   0.264452707580300   0.013076040096400   0.722471252323300   0.018478483888200
   0.013357891834200   0.726343706240700   0.260298401925100   0.018579356437100
   0.868135265415300   0.068723006863700   0.063141727721000   0.020321715177700
   0.062708606113300   0.865230210152900   0.072061183733800   0.021377166180900
   0.076096738505300   0.064859907103700   0.859043354391000   0.023191685409800
   0.062771670439800   0.148349494336200   0.788878835224000   0.027442671085900
   0.788170460225000   0.062435989839600   0.149393549935400   0.029030192234000
   0.147224894550800   0.787136901173500   0.065638204275700   0.029452273850500
   0.422525938278500   0.051910492161000   0.525563569560500   0.029943625162900
   0.774048614563900   0.154312992744400   0.071638392691700   0.030702694811900
   0.676067776910900   0.261784274560300   0.062147948528800   0.032526336586300
   0.067453057235600   0.766725787281300   0.165821155483100   0.032788420850600
   0.061777655723400   0.258210367662700   0.680011976613900   0.033123467519200
   0.174941863707100   0.067906592514700   0.757151543778200   0.034616752687500
   0.058491788408900   0.529357827480400   0.412150384110700   0.034708137397600
   0.672145076163000   0.066603615048400   0.261251308788600   0.034737204940400
   0.551208842356600   0.058567546189900   0.390223611453500   0.034852876245400
   0.298183807982800   0.064453536041100   0.637362655976100   0.034860156118600
   0.261427822878800   0.674813842915100   0.063758334206100   0.035547156997500
   0.058215959906800   0.391460231036900   0.550323809056300   0.036018299638300
   0.067557014743000   0.648770149230700   0.283672836026300   0.036292628584300
   0.544832625703800   0.394649822040800   0.060517552255400   0.038189770208300
   0.399787267113100   0.539013715193300   0.061199017693600   0.039225280011800
   0.151078277618000   0.162789508278500   0.686132214103500   0.048271012588800
   0.161959533146000   0.681243632264100   0.156796834589900   0.048991212156600
   0.678965449796000   0.154283287802000   0.166751262402000   0.049722083387200
   0.497246831616000   0.252272775044500   0.250480393339500   0.050706573698600
   0.245792781855000   0.254798153240700   0.499409064904300   0.050977199404300
   0.275839635471900   0.148558054919400   0.575602309608700   0.052136006366700
   0.141286303940200   0.293023960643600   0.565689735416200   0.052346087492500
   0.575308715344200   0.280899127231000   0.143792157424800   0.052444068355200
   0.266045287116400   0.482098959297100   0.251855753586500   0.052745964482300
   0.289515501140300   0.564187824544400   0.146296674315300   0.052944906372800
   0.420272276953900   0.130769964434400   0.448957758611700   0.054239559450100
   0.551913339122300   0.147969222194800   0.300117438682900   0.054347020341900
   0.154754368775600   0.563868422294600   0.281377208929800   0.054710054863900
   0.138678912479000   0.436115742879000   0.425205344642000   0.055728834591300
   0.379754605982600   0.360326393528500   0.259919000488900   0.057773426423300
   0.432257322202300   0.422418833467400   0.145323844330300   0.058539378162300
   0.250087546338100   0.371900183305200   0.378012270356700   0.060903925068000
   0.373879170813200   0.241364500692800   0.384756328494000   0.063727396444900];
% integration degree=20  N=78:
matrix20=[0.982360536918600   0.008941133711200   0.008698329370200   0.002174454539900
   0.010473323644900   0.979262262980700   0.010264413374400   0.002898713526500
   0.010901041537300   0.010547538211200   0.978551420251500   0.003084602933700
   0.933967183944900   0.002377706194700   0.063655109860400   0.003440163310400
   0.932806853669600   0.063042511579500   0.004150634750900   0.004189847201200
   0.064352402100700   0.930842249673000   0.004805348226300   0.004473805149800
   0.005413337502900   0.062907655549000   0.931679006948100   0.004705442081400
   0.005777287181800   0.931596224638100   0.062626488180100   0.004886793575000
   0.064446125202100   0.006195168941500   0.929358705856400   0.005192764336900
   0.940267205776600   0.028712581923700   0.031020212299700   0.007407305898100
   0.036400255347600   0.929384447830500   0.034215296821900   0.007975541030100
   0.036667354871000   0.037545756662100   0.925786888466900   0.008355052291000
   0.832813300942600   0.008689573906400   0.158497125151000   0.009616666086400
   0.008879628834700   0.154759705396500   0.836360665768800   0.009631825785000
   0.157971746099100   0.833102529418500   0.008925724482400   0.009857746075800
   0.009660162239600   0.837423107352600   0.152916730407800   0.010265788030100
   0.834567125470800   0.155936250523400   0.009496624005800   0.010318810311100
   0.155918886430900   0.009859964209500   0.834221149359600   0.010629100163000
   0.586973696470300   0.405587373328900   0.007438930200800   0.010688130689500
   0.007894129207100   0.596472789861800   0.395633080931100   0.010696902101000
   0.588793277368100   0.008074780041600   0.403131942590300   0.010902646171400
   0.407331642759800   0.007507397772100   0.585160959468100   0.010989978357500
   0.008833888786400   0.393676451923700   0.597489659289900   0.011342305522900
   0.406621880882000   0.584653072621200   0.008725046496800   0.012053564293000
   0.492706665796800   0.487080411212000   0.020212922991200   0.013961919382100
   0.011414709954700   0.268351281178500   0.720234008866800   0.014114799153600
   0.011364434479600   0.722395628874800   0.266239936645600   0.014193034704600
   0.717029055883500   0.271682674235700   0.011288269880800   0.014421267626800
   0.271772319462900   0.011258084204600   0.716969596332500   0.014470434685500
   0.714489815546400   0.011503473437000   0.274006711016600   0.014494976987200
   0.274596253893900   0.714052590056400   0.011351156049700   0.014538677569400
   0.016063710542000   0.490287105311200   0.493649184146800   0.014596419092600
   0.496600311519000   0.020142342520900   0.483257345960100   0.014731457846600
   0.870321303355900   0.036110746485900   0.093567950158200   0.016746396330400
   0.099462211307400   0.860799881985100   0.039737906707500   0.016895550045800
   0.040776505464700   0.100589152600100   0.858634341935200   0.016942266288400
   0.868574628096900   0.091874071705800   0.039551300197300   0.017307017209500
   0.042888764673000   0.860488829619100   0.096622405707900   0.017452454649300
   0.099827147222000   0.043984217867300   0.856188634910700   0.017721722215900
   0.053986655763900   0.201101760673500   0.744911583562600   0.028282402402300
   0.201314063557100   0.744999372626300   0.053686563816600   0.028499671248800
   0.750405908275500   0.053218664131000   0.196375427593500   0.028500564653900
   0.056394954704900   0.745398464740100   0.198206580555000   0.030064722347800
   0.748699623396800   0.195728993287600   0.055571383315600   0.030203127708200
   0.280743175959900   0.109253205798800   0.610003618241300   0.030398713607700
   0.202325240304000   0.056762570200100   0.740912189495900   0.030566879607400
   0.344102640554700   0.048383793347500   0.607513566097800   0.030606741300200
   0.779730567980300   0.108061280976000   0.112208151043700   0.030933006820100
   0.111564039597400   0.618560590099100   0.269875370303500   0.030977382083500
   0.116458659117000   0.772129601349700   0.111411739533300   0.031314625054500
   0.049489752093600   0.611573480113300   0.338936767793100   0.031357349339200
   0.612397995783700   0.338132610337600   0.049469393878700   0.031432046928700
   0.113046456195100   0.117308412825400   0.769645130979500   0.031518214389400
   0.620972993125000   0.267455126059600   0.111571880815400   0.032424813798500
   0.155135152527400   0.654210016002600   0.190654831470000   0.034751215238600
   0.610308569199300   0.053829748115800   0.335861682684900   0.035039345492700
   0.659932815203200   0.184884032411700   0.155183152385100   0.035071742031000
   0.054233029896200   0.337626710474400   0.608140259629400   0.035212921533400
   0.339026516990300   0.606710203449900   0.054263279559800   0.035261550498100
   0.469920924378200   0.461261408549600   0.068817667072200   0.036640322034300
   0.196429378858000   0.152546536567100   0.651024084574900   0.036773310767000
   0.463751306371500   0.070058254354300   0.466190439274200   0.037167566293700
   0.066097216561500   0.470420137903200   0.463482645535300   0.037337157160600
   0.640204343073800   0.121646169374600   0.238149487551600   0.040397334658800
   0.239019656278500   0.637140405270200   0.123839938451300   0.041358004063800
   0.124987903255500   0.237990451511900   0.637021645232600   0.042195779187000
   0.362188156504300   0.148392985717700   0.489418857778000   0.049545100403700
   0.494904956219700   0.359806957155000   0.145288086625300   0.050041926114100
   0.144834256108700   0.494144105509500   0.361021638381800   0.050579458711500
   0.504586097013200   0.144063068798100   0.351350834188700   0.052003721018800
   0.354474389670300   0.501976444000400   0.143549166329300   0.052153356788600
   0.142808456620000   0.355542383429800   0.501649159950200   0.052489915235800
   0.515050833012500   0.244343954077100   0.240605212910400   0.059915976251600
   0.245391773360300   0.243706498934200   0.510901727705500   0.059960999742600
   0.242506121913600   0.512220080732100   0.245273797354300   0.059991527212900
   0.377364212972800   0.252603831517800   0.370031955509400   0.063413318344900
   0.373469773551800   0.375989565285100   0.250540661163100   0.063531186110800
   0.251717173530700   0.372907798714400   0.375375027754900   0.063720660567200];
% integration degree=21  N=91:
matrix21=[0.992895121615600   0.003552439192200   0.003552439192200   0.000670443643900
   0.003552439192200   0.003552439192200   0.992895121615600   0.000670443643900
   0.003552439192200   0.992895121615600   0.003552439192200   0.000670443643900
   0.035855279717700   0.955354827373000   0.008789892909300   0.004547260807400
   0.955354827373000   0.035855279717700   0.008789892909300   0.004547260807400
   0.008789892909300   0.955354827373000   0.035855279717700   0.004547260807400
   0.955354827373000   0.008789892909300   0.035855279717700   0.004547260807400
   0.035855279717700   0.008789892909300   0.955354827373000   0.004547260807400
   0.008789892909300   0.035855279717700   0.955354827373000   0.004547260807400
   0.005240537593600   0.886526487904700   0.108232974501700   0.005207758532000
   0.108232974501800   0.886526487904700   0.005240537593500   0.005207758532000
   0.886526487904800   0.005240537593500   0.108232974501700   0.005207758532000
   0.108232974501800   0.005240537593500   0.886526487904700   0.005207758532000
   0.005240537593600   0.108232974501700   0.886526487904700   0.005207758532000
   0.886526487904800   0.108232974501700   0.005240537593500   0.005207758532000
   0.046639743215000   0.046639743215000   0.906720513570000   0.006543543288700
   0.906720513570000   0.046639743215000   0.046639743215000   0.006543543288700
   0.046639743215000   0.906720513570000   0.046639743215000   0.006543543288700
   0.784152030177000   0.207572045694600   0.008275924128400   0.009273784153300
   0.008275924128400   0.207572045694600   0.784152030177000   0.009273784153300
   0.008275924128400   0.784152030177000   0.207572045694600   0.009273784153300
   0.207572045694600   0.008275924128400   0.784152030177000   0.009273784153300
   0.784152030177000   0.008275924128400   0.207572045694600   0.009273784153300
   0.207572045694600   0.784152030177000   0.008275924128400   0.009273784153300
   0.882704356257400   0.085811948972500   0.031483694770100   0.009593778262300
   0.085811948972500   0.882704356257400   0.031483694770100   0.009593778262300
   0.882704356257400   0.031483694770100   0.085811948972500   0.009593778262300
   0.031483694770100   0.085811948972500   0.882704356257400   0.009593778262300
   0.031483694770100   0.882704356257400   0.085811948972500   0.009593778262300
   0.085811948972500   0.031483694770100   0.882704356257400   0.009593778262300
   0.321607100554900   0.668877823382600   0.009515076062500   0.011424780916700
   0.668877823382500   0.009515076062500   0.321607100555000   0.011424780916700
   0.321607100554900   0.009515076062500   0.668877823382600   0.011424780916700
   0.009515076062400   0.668877823382600   0.321607100555000   0.011424780916700
   0.009515076062400   0.321607100555000   0.668877823382600   0.011424780916700
   0.668877823382500   0.321607100555000   0.009515076062500   0.011424780916700
   0.552014067120600   0.437999954311300   0.009985978568100   0.011721696417400
   0.437999954311300   0.009985978568100   0.552014067120600   0.011721696417400
   0.009985978568100   0.437999954311300   0.552014067120600   0.011721696417400
   0.552014067120600   0.009985978568100   0.437999954311300   0.011721696417400
   0.009985978568100   0.552014067120600   0.437999954311300   0.011721696417400
   0.437999954311300   0.552014067120600   0.009985978568100   0.011721696417400
   0.161997493373300   0.797493107214800   0.040509399411900   0.018819715523200
   0.797493107214700   0.040509399411900   0.161997493373400   0.018819715523200
   0.161997493373300   0.040509399411900   0.797493107214800   0.018819715523200
   0.040509399411800   0.161997493373400   0.797493107214800   0.018819715523200
   0.040509399411800   0.797493107214800   0.161997493373400   0.018819715523200
   0.797493107214700   0.161997493373400   0.040509399411900   0.018819715523200
   0.227156889609000   0.386421555195500   0.386421555195500   0.023526098027100
   0.386421555195500   0.386421555195500   0.227156889609000   0.023526098027100
   0.386421555195500   0.227156889609000   0.386421555195500   0.023526098027100
   0.095493531033500   0.809012937932900   0.095493531033600   0.023557146615100
   0.095493531033500   0.095493531033600   0.809012937932900   0.023557146615100
   0.809012937932800   0.095493531033600   0.095493531033600   0.023557146615100
   0.677473428056100   0.274542523871800   0.047984048072100   0.026824620743000
   0.274542523871800   0.047984048072100   0.677473428056100   0.026824620743000
   0.274542523871800   0.677473428056100   0.047984048072100   0.026824620743000
   0.047984048072100   0.677473428056100   0.274542523871800   0.026824620743000
   0.047984048072100   0.274542523871800   0.677473428056100   0.026824620743000
   0.677473428056100   0.047984048072100   0.274542523871800   0.026824620743000
   0.051667793098900   0.405347244666700   0.542984962234400   0.031428977677900
   0.542984962234400   0.051667793098900   0.405347244666700   0.031428977677900
   0.542984962234400   0.405347244666700   0.051667793098900   0.031428977677900
   0.405347244666700   0.542984962234400   0.051667793098900   0.031428977677900
   0.405347244666700   0.051667793098900   0.542984962234400   0.031428977677900
   0.051667793098900   0.542984962234400   0.405347244666700   0.031428977677900
   0.705411311687300   0.187773861553900   0.106814826758800   0.033719619215900
   0.106814826758900   0.705411311687200   0.187773861553900   0.033719619215900
   0.187773861554000   0.705411311687200   0.106814826758800   0.033719619215900
   0.187773861554000   0.106814826758800   0.705411311687200   0.033719619215900
   0.106814826758900   0.187773861553900   0.705411311687200   0.033719619215900
   0.705411311687300   0.106814826758800   0.187773861553900   0.033719619215900
   0.574781729734800   0.119505971200900   0.305712299064300   0.042774529421300
   0.305712299064300   0.119505971200900   0.574781729734800   0.042774529421300
   0.305712299064300   0.574781729734800   0.119505971200900   0.042774529421300
   0.119505971200900   0.574781729734800   0.305712299064300   0.042774529421300
   0.119505971200900   0.305712299064300   0.574781729734800   0.042774529421300
   0.574781729734800   0.305712299064300   0.119505971200900   0.042774529421300
   0.200937712831800   0.598124574336300   0.200937712831900   0.044113893273700
   0.200937712831800   0.200937712831900   0.598124574336300   0.044113893273700
   0.598124574336200   0.200937712831900   0.200937712831900   0.044113893273700
   0.471786454332200   0.216077520000500   0.312136025667300   0.046146959468400
   0.471786454332200   0.312136025667300   0.216077520000500   0.046146959468400
   0.312136025667400   0.216077520000500   0.471786454332100   0.046146959468400
   0.216077520000600   0.312136025667300   0.471786454332100   0.046146959468400
   0.216077520000600   0.471786454332100   0.312136025667300   0.046146959468400
   0.312136025667400   0.471786454332100   0.216077520000500   0.046146959468400
   0.124684019230200   0.437657990384900   0.437657990384900   0.046915246862400
   0.437657990384800   0.437657990384900   0.124684019230300   0.046915246862400
   0.437657990384800   0.124684019230300   0.437657990384900   0.046915246862400
   0.333333333333400   0.333333333333300   0.333333333333300   0.055119998034700];
% integration degree=23  N=105:
matrix23=[ 0.000851425939200   0.008780930383600   0.990367643677200   0.000643829826100
   0.000851546954800   0.990367531422000   0.008780921623200   0.000643841307600
   0.963705631911100   0.002702927645000   0.033591440443900   0.001013473571000
   0.963706183876600   0.033590921452400   0.002702894671000   0.001013475257600
   0.981664857834300   0.009167506860600   0.009167635305100   0.001967992993500
   0.023969464078600   0.967556818255800   0.008473717665600   0.003346731378400
   0.023969336396700   0.008473720068800   0.967556943534500   0.003346733920800
   0.924443310734600   0.007878194879200   0.067678494386200   0.004287332337500
   0.924443286300900   0.067678547770000   0.007878165929100   0.004287345988500
   0.008675850376600   0.947026695504700   0.044297454118700   0.004300380137200
   0.008675856783300   0.044297475568000   0.947026667648700   0.004300384909800
   0.077402132998600   0.914424321488200   0.008173545513200   0.005693462920500
   0.077402034151000   0.008173542445900   0.914424423403100   0.005693464013400
   0.366931527253900   0.249745229274100   0.383323243472000   0.006164386801500
   0.366931608594000   0.383323264605500   0.249745126800500   0.006164475641800
   0.008782083699700   0.887685035355700   0.103532880944600   0.006201451359100
   0.008782083986300   0.103532922829700   0.887684993184000   0.006201453195200
   0.851955308440800   0.007725592361800   0.140319099197400   0.006963633029400
   0.851955164026900   0.140319242510700   0.007725593462400   0.006963633184200
   0.008576646642200   0.810459100965200   0.180964252392600   0.007506625772000
   0.008576648094900   0.180964300371700   0.810459051533400   0.007506626456500
   0.158622111163900   0.833076794868400   0.008301093967700   0.007907476833900
   0.158622054748200   0.008301090712600   0.833076854539200   0.007907477248500
